[[[0.0439207  0.04082494 0.11932266 0.18003481 0.61589689]]]
	 ['willingness to travel', 'desire for new experience', 'cost', 'vegetarian']
Jane 	 [0.16 0.67 0.15 0.02]
Bob 	 [0.63 0.2  0.01 0.15]
Mary 	 [0.49 0.42 0.06 0.03]
Mike 	 [0.09 0.15 0.44 0.33]
Alice 	 [0.06 0.66 0.1  0.18]
Skip 	 [0.09 0.2  0.5  0.21]
Kira 	 [0.15 0.08 0.6  0.17]
Moe 	 [0.05 0.04 0.06 0.85]
Sara 	 [0.19 0.59 0.08 0.14]
Tom 	 [0.78 0.07 0.14 0.01]
	 ['distance', 'novelty', 'cost', 'vegetarian']
flacos 	 [2 3 4 5]
Joes 	 [5 1 5 3]
Poke 	 [4 2 4 4]
Sush-shi 	 [4 3 4 4]
Chick Fillet 	 [3 2 5 5]
Mackie Des 	 [2 3 4 3]
Michaels 	 [2 1 1 5]
Amaze 	 [3 5 2 4]
Kappa 	 [5 1 2 3]
Mu 	 [3 1 5 3]
flacos: 2.3952509
Joes: 4.71008088
Poke: 3.8682759200000003
Sush-shi: 3.93413796
Chick Fillet: 3.25029134
Mackie Des: 2.3687799400000005
Michaels: 1.8290031900000001
Amaze: 3.00011835
Kappa: 4.275557249999999
Mu: 3.15795834
	 ['flacos', 'Joes', 'Poke', 'Sush-shi', 'Chick Fillet', 'Mackie Des', 'Michaels', 'Amaze', 'Kappa', 'Mu']
Jane 	 [3.03 2.28 2.66 3.33 2.67 2.99 1.24 4.21 1.83 1.96]
Bob 	 [2.69 3.88 3.59 3.8  3.13 2.38 2.24 3.54 3.84 2.62]
Mary 	 [2.63 3.26 3.16 3.58 2.76 2.56 1.62 3.81 3.09 2.27]
Mike 	 [4.   3.75 3.7  3.85 4.38 3.35 2.4  3.19 2.45 3.58]
Alice 	 [3.41 2.01 2.69 3.34 2.92 3.04 1.8  4.39 1.7  1.89]
Skip 	 [3.84 3.76 3.59 3.8  4.22 3.41 1.93 3.12 2.27 3.59]
Kira 	 [3.8  4.32 3.83 3.92 4.46 3.45 1.83 2.74 2.53 4.03]
Moe 	 [4.7  3.15 3.92 3.96 4.78 3.01 4.43 3.86 2.96 3.05]
Sara 	 [3.17 2.36 2.82 3.41 2.85 2.9  1.73 4.23 2.11 1.99]
Tom 	 [2.4  4.71 3.87 3.93 3.25 2.37 1.83 3.   4.28 3.16]
['flacos', 'Joes', 'Poke', 'Sush-shi', 'Chick Fillet', 'Mackie Des', 'Michaels', 'Amaze', 'Kappa', 'Mu']
[33.66 33.5  33.84 36.92 35.41 29.47 21.05 36.1  27.05 28.14]
['Sush-shi' 'Amaze' 'Chick Fillet']
[36.92131524 36.10243423 35.40677385]
['Michaels' 'Kappa' 'Mu']
[21.0541742  27.05097023 28.14029501]
